============================
barley 50

fsl
0.0697	0.0998	0.0536	119.7000	0.4000	79.1000	40.2000	0.1597
0.0082	0.0119	0.0063	0.9487	0.5164	0.3162	0.6325	0.0272

PC
0.1	0.1	0.8	1047.6	14.7	2.0	1030.9	109.9
0.0022	0.0012	0.0159	0.8433	1.3375	0	0.8756	0.5144

PCStable
1.0e+03 *
0.0001	0.0001	0.0008	1.0476	0.0147	0.0020	1.0309	0.1095
0.0022	0.0012	0.0159	0.8433	1.3375		 0	0.8756	0.5654

GSBN

0	0	0	84.3000	0	84.0000	0.3000	0.0049
0	0	0	0.4830	0	0	0.4830	0.0048



mildew 50

fsl
0.0296	0.0342	0.0261	76.5000	2.2000	42.6000	31.7000	0.0730
0.0226	0.0259	0.0200	2.5495	1.8135	1.8974	2.1108	0.0235

pc

0.0633	0.0341	0.4348	565.9000	26.0000	0	539.9000	21.0859
0.0001	0.0000	0.0000	0.7379	0	0	0.7379	0.1366
	
pcstable


gsbn
0	0	0	46.8000	0	46.0000	0.8000	0.0053
0	0	0	0.6325	0	0	0.6325	0.0094


munin1 500

fsl   
0.2781	0.2840	0.2725	353.5000	32.8000	165.8000	154.9000	1.1079
0.0210	0.0224	0.0206	10.7316	4.4920	4.2895	8.2523	0.0366

mmhc
0.2170	0.2511	0.1912	316.2000	60.6000	160.2000	95.4000	5.4727
0.0163	0.0211	0.0138	8.4037	4.5995	2.7809	7.1368	0.5304

pc

0.1	0.0	0.3	2139.7	33.7	160.3	1945.7	650.3
0.0063	0.0037	0.0183	87.7629	2.0817	3.0551	83.4406	74.8896

gsbn

0.0413	0.4676	0.0216	273.1000	0.6000	266.5000	6.0000	0.3440
0.0136	0.1279	0.0072	2.7669	0.6992	1.7795	1.2472	0.0404

munin1 5000

fsl
0.4443	0.5121	0.3927	248.1000	20.1000	145.7000	82.3000	6.8287
0.0175	0.0250	0.0159	9.0732	3.6040	2.7909	8.4728	0.0977

pc	
0.3558	0.3030	0.4310	405.3333	20.6667	134.6667	250.0000	13.8806
0.0112	0.0089	0.0148	4.5092	2.5166	2.5166	2.0000	0.3550

mmhc
0.3437	0.3720	0.3194	270.2000	62.9000	122.9000	84.4000	13.8092
0.0219	0.0252	0.0196	9.8297	4.0675	3.7845	5.6214	1.1177

gsbn
0.0545	0.3380	0.0297	274.7000	6.0000	258.9000	9.8000	2.1513
0.0158	0.0896	0.0087	2.3594	2.2111	0.8756	1.9889	0.0734


gene 50

fsl
0.1	0.1	0.3	5310.8	251.0	451.1	4608.7	48.6
0.0064	0.0037	0.0293	309.0163	28.2174	43.9809	328.3261	10.0151

gsbn
0.0002	0.0143	0.0001	978.6000	0	971.9000	6.7000	1.1551
0.0006	0.0452	0.0003	0.6992	0	0.3162	0.4830	0.0226

mmhc 
0.2	0.2	0.3	1717.2	187.4	493.0	1036.8	105.8
0.0075	0.0057	0.0109	16.0541	7.1368	11.5470	14.4975	15.4928





details==============================

munin1 5000

pc
[0.342943854324734,0.292746113989637,0.413919413919414,410,23,137,250,14.0613651000000]
[0.361990950226244,0.307692307692308,0.439560439560440,405,18,135,252,14.1087542000000]
[0.362537764350453,0.308483290488432,0.439560439560440,401,21,132,248,13.4716188000000]

===================================
link

pcstable 500
0.2	0.2	0.2	1595.3	203.7	646.6	745.0	0.0452
0.0064	0.0080	0.0059	32.5407	8.1520	7.8344	31.6122	2.0423

pcstable	5000
0.5490	0.7481	0.4336	710.0000	91.6000	545.6000	72.8000	108.0456
0.0065	0.0130	0.0045	9.9778	4.9710	0.6992	8.1350	1.2839

pigs

pcstable	500
0.6052	0.5949	0.6159	248.3000	227.4000	0	20.9000	11.3822
0.0134	0.0135	0.0135	8.7819	7.9889	0	3.5418	0.1779

pcstable	5000
0.9853	0.9755	0.9953	14.8000	2.8000	0	12.0000	96.3362
0.0041	0.0061	0.0028	3.7357	1.6865	0	3.0912	0.8042

pathfinder

pcstable	500
0.0654	0.0524	0.0872	377.6000	107.6000	70.4000	199.6000	54.2864
0.0106	0.0084	0.0147	13.3517	3.5653	3.4059	13.8980	3.6774

pcstable	5000
0.0977	0.0817	0.1215	356.7000	81.0000	90.3000	185.4000	46.0173
0.0129	0.0109	0.0159	5.8699	4.2947	2.3594	5.1683	2.6254

gene

pcstable	500
0.6137	0.6109	0.6165	413.1000	341.4000	31.4000	40.3000	46.8737
0.0131	0.0136	0.0128	14.4564	12.1674	2.9136	4.4734	0.7570

pcstable	5000
0.9442	0.9311	0.9576	69.9000	40.2000	1.0000	28.7000	122.9534
0.0060	0.0068	0.0058	6.9674	5.6725	0	4.2701	1.6765


diabetes 50

f2sl
0.2	0.2	0.3	1209.3	77.2	352.9	779.2	41.0
0.0170	0.0155	0.0186	52.3218	11.5258	7.1251	46.8326	12.8367

gsbn
0.0023	0.2417	0.0012	603.7000	0	601.3000	2.4000	0.2235
0.0016	0.1776	0.0008	1.3375	0	0.4830	0.9661	0.0111

mmhc
0.0099	0.0498	0.0055	660.2000	1.3000	597.4000	61.5000	3.9867
0.0040	0.0192	0.0022	6.0882	1.4944	2.1705	6.1328	0.0698

munin	50

f2sl
0.1225	0.1090	0.1443	545.7000	20.9000	212.7000	312.1000	3.8722
0.0156	0.0215	0.0239	75.1547	5.5468	8.8198	79.0421	3.0024

gsbn
0.0043	0.1269	0.0022	276.5000	0.1000	272.3000	4.1000	0.1820
0.0037	0.1217	0.0019	1.3540	0.3162	0.4830	1.2867	0.0229

mmhc
0.0267	0.0384	0.0205	393.8000	17.1000	250.3000	126.4000	1.3377
0.0131	0.0200	0.0098	16.1850	2.8067	3.0930	14.8862	0.1170






=====================================f2sl==========================
f2sl

alarm,50
0.1963	0.2937	0.1478	49.4000	6.4000	32.8000	10.2000	0.0411
0.0393	0.0679	0.0283	2.9665	2.0736	1.0954	2.7749	0.0034
alarm,500
0.3238	0.4536	0.2522	41.2000	7.0000	27.4000	6.8000	0.1144
0.0744	0.0910	0.0626	3.2711	2.0000	2.0736	1.4832	0.0057
alarm,5000
0.3381	0.5335	0.2478	39.6000	5.0000	29.6000	5.0000	0.9091
0.0224	0.0343	0.0194	1.3416	1.0000	0.8944	1.4142	0.0339

mildew,50
0.0850	0.0486	0.3435	329.4000	12.4000	17.8000	299.2000	9.1307
0.0165	0.0096	0.0659	38.9269	2.0736	3.1145	39.4677	3.3221
mildew,500
0.1527	0.1088	0.2565	122.2000	8.6000	25.6000	88.0000	0.4267
0.0149	0.0102	0.0283	3.2711	0.8944	0.8944	3.6742	0.0356
mildew,5000
0.2422	0.3439	0.1870	45.2000	8.6000	28.8000	7.8000	1.1450
0.0140	0.0174	0.0119	0.8367	0.5477	0.8367	0.4472	0.0274

barley,50
0.1415	0.0811	0.5571	564.4000	3.2000	34.0000	527.2000	15.1707
0.0064	0.0037	0.0398	27.6641	2.2804	1.8708	30.2275	6.4226
barley,500
0.1259	0.0966	0.1810	195.4000	15.4000	53.4000	126.6000	0.8633
0.0169	0.0125	0.0258	2.3022	1.3416	1.1402	2.3022	0.0519
barley,5000
0.2968	0.5983	0.1976	74.8000	3.8000	63.6000	7.4000	1.9678
0.0160	0.0290	0.0136	1.3038	0.4472	0.8944	1.6733	0.1835

hailfinder,50
0.0473	0.0267	0.2061	541.2000	8.4000	44.0000	488.8000	20.4005
0.0090	0.0052	0.0349	20.2904	3.7815	2.7386	18.9130	5.6074
hailfinder,500
0.2945	0.3390	0.2636	82.8000	1.0000	47.6000	34.2000	0.3894
0.0232	0.0641	0.0136	7.5299	1.4142	1.5166	7.7266	0.0264
hailfinder,5000
0.3954	0.7880	0.2667	53.8000	0	48.4000	5.4000	1.8593
0.0083	0.1168	0.0203	3.2711	0	1.3416	4.5056	0.1461

hepar2,50
0.0681	0.0681	0.0683	223.8000	7.0000	107.6000	109.2000	0.3406
0.0140	0.0158	0.0123	11.8828	3.2404	3.0496	11.0544	0.0415
hepar2,500
0.1716	0.2702	0.1285	151.0000	3.0000	104.2000	43.8000	0.7960
0.0276	0.1022	0.0134	15.7321	2.0000	3.2711	14.6526	0.0532
hepar2,5000
0.2361	0.7624	0.1398	111.0000	0.2000	105.6000	5.2000	3.8349
0.0219	0.0545	0.0145	2.2361	0.4472	1.5166	1.6432	0.1215

win95pts,50
0.2097	0.5702	0.1286	107.8000	0.8000	96.8000	10.2000	0.1075
0.0176	0.0685	0.0102	2.8636	0.8367	1.3038	1.9235	0.0097
win95pts,500
0.3310	0.6735	0.2196	98.8000	0.6000	86.8000	11.4000	0.5246
0.0236	0.0497	0.0174	3.4205	0.8944	1.9235	2.6077	0.0057
win95pts,5000
0.3524	0.6856	0.2375	96.2000	1.6000	83.8000	10.8000	3.9297
0.0245	0.0707	0.0162	3.6332	1.1402	1.0954	2.7749	0.0721

pathfinder,50
0.0954	0.1930	0.0636	221.2000	14.0000	168.6000	38.6000	0.4242
0.0119	0.0329	0.0078	7.5961	1.5811	2.5100	7.3007	0.0453
pathfinder,500
0.1250	0.2740	0.0810	208.6000	12.4000	166.8000	29.4000	1.5299
0.0093	0.0141	0.0067	0.8944	0.8944	1.7889	0.5477	0.0903
pathfinder,5000
0.1660	0.4545	0.1015	196.8000	2.2000	173.0000	21.6000	10.5666
0.0074	0.0267	0.0043	1.7889	1.3038	0.7071	1.5166	0.5419

munin1,50
0.1058	0.1554	0.0806	366.6000	5.4000	245.6000	115.6000	2.4321
0.0139	0.0249	0.0107	16.7720	1.5166	3.2094	16.6523	0.2889
munin1,500
0.1753	0.3789	0.1143	289.0000	5.0000	236.8000	47.2000	5.7637
0.0187	0.0600	0.0114	12.1450	1.0000	3.1937	10.4019	0.2226
munin1,5000
0.1969	0.6589	0.1158	254.6000	3.2000	238.2000	13.2000	24.8931
0.0047	0.0202	0.0033	1.1402	1.3038	1.3038	1.6432	0.2458

andes,50
0.1735	0.2081	0.1491	464.6000	16.4000	271.2000	177.0000	2.8006
0.0131	0.0243	0.0080	21.6518	2.4083	3.5637	19.9875	0.0582
andes,500
0.3549	0.4606	0.2888	336.8000	18.0000	222.4000	96.4000	7.4937
0.0160	0.0215	0.0146	6.4576	5.8310	3.2094	7.5697	0.1593
andes,5000
0.4611	0.6537	0.3562	272.6000	8.8000	208.8000	55.0000	41.6925
0.0070	0.0103	0.0071	2.6077	1.0954	2.1679	2.5495	1.9734


===============================cmi-fs==================
cmi-fs

alarm,50
0.2332	0.2044	0.2739	71.0000	12.2000	21.2000	37.6000	0.0348
0.0564	0.0531	0.0645	9.1924	2.2804	1.6432	8.7920	0.0089
alarm,500
0.4923	0.5286	0.4609	34.0000	9.8000	15.0000	9.2000	0.0569
0.0576	0.0682	0.0496	3.6742	2.1679	1.2247	1.7889	0.0050
alarm,5000
0.5278	0.5644	0.4957	32.2000	8.6000	14.6000	9.0000	0.4282
0.0188	0.0203	0.0182	1.7889	1.1402	1.1402	1.4142	0.0100

mildew,50
0.1041	0.0876	0.1304	99.8000	5.0000	35.0000	59.8000	0.2213
0.0211	0.0244	0.0154	13.4611	1.4142	1.8708	13.1034	0.1312
mildew,500
0.3437	0.3752	0.3174	45.8000	9.8000	21.6000	14.4000	0.0738
0.0487	0.0464	0.0500	1.7889	2.3875	1.1402	1.9494	0.0114
mildew,5000
0.5485	0.6593	0.4696	29.2000	6.4000	18.0000	4.8000	0.2935
0.0639	0.0816	0.0524	2.7749	2.4083	0	0.4472	0.0017

barley,50
0.1032	0.1425	0.0810	116.6000	1.4000	75.8000	39.4000	0.2082
0.0218	0.0285	0.0177	2.0736	1.1402	1.0954	1.6733	0.0329
barley,500
0.1951	0.1760	0.2190	139.0000	13.0000	52.6000	73.4000	0.3508
0.0184	0.0186	0.0181	6.0415	0.7071	1.1402	5.0299	0.0595
barley,5000
0.4604	0.6398	0.3595	65.2000	5.6000	48.2000	11.4000	0.5974
0.0120	0.0154	0.0100	0.8367	0.8944	0.4472	0.5477	0.0073

hailfinder,50
0.1728	0.1245	0.2879	170.0000	15.0000	32.0000	123.0000	0.7888
0.0434	0.0356	0.0597	28.1780	4.4721	2.0000	27.7579	0.4906
hailfinder,500
0.5235	0.5648	0.4879	51.0000	7.6000	26.2000	17.2000	0.1121
0.0259	0.0256	0.0271	1.8708	3.3615	1.7889	2.8636	0.0042
hailfinder,5000
0.6548	0.7873	0.5606	36.4000	2.6000	26.4000	7.4000	0.7903
0.0319	0.0384	0.0283	2.8810	0.8944	1.3416	1.1402	0.0220

hepar2,50
0.0618	0.0478	0.0878	316.8000	14.2000	98.0000	204.6000	0.2260
0.0177	0.0152	0.0210	22.5211	2.2804	3.6056	21.0309	0.0201
hepar2,500
0.3168	0.8173	0.1967	101.0000	3.2000	95.6000	2.2000	0.1076
0.0325	0.0538	0.0233	2.9155	2.0494	3.0496	1.0954	0.0054
hepar2,5000
0.3444	0.9288	0.2114	98.0000	1.0000	96.0000	1.0000	0.8852
0.0087	0.0248	0.0057	0.7071	0.7071	0.7071	0	0.0125

win95pts,50
0.1634	0.1461	0.1857	193.6000	19.8000	71.4000	102.4000	0.1125
0.0278	0.0270	0.0299	10.6442	4.4385	2.0736	10.4547	0.0052
win95pts,500
0.4192	0.4729	0.3768	102.0000	15.2000	54.6000	32.2000	0.2379
0.0389	0.0549	0.0292	8.0932	2.2804	2.5100	5.2154	0.0067
win95pts,5000
0.4892	0.5704	0.4286	88.4000	11.8000	52.2000	24.4000	1.8598
0.0392	0.0463	0.0363	5.2249	2.6833	1.6432	2.8810	0.1068

pathfinder,50
0.1115	0.1157	0.1077	304.2000	30.8000	143.2000	130.2000	0.4325
0.0313	0.0331	0.0299	13.4796	4.6043	5.2631	10.1833	0.0869
pathfinder,500
0.1138	0.1093	0.1190	327.0000	35.0000	136.8000	155.2000	1.5678
0.0216	0.0222	0.0216	16.1555	5.0990	1.4832	15.4013	0.3198
pathfinder,5000
0.2486	0.3369	0.1969	212.0000	20.2000	136.4000	55.4000	4.0609
0.0323	0.0440	0.0255	4.1231	6.2209	1.8166	1.1402	0.0389

munin1,50
0.1669	0.1469	0.1941	503.0000	24.8000	195.2000	283.0000	1.3510
0.0146	0.0110	0.0243	25.9133	4.3818	6.7231	30.7409	0.5508
munin1,500
0.2428	0.2260	0.2630	405.4000	44.6000	156.6000	204.2000	2.1797
0.0283	0.0345	0.0209	32.7231	4.7223	2.9665	28.2966	0.2465
munin1,5000
0.3365	0.3286	0.3465	346.2000	30.0000	148.4000	167.8000	16.1702
0.0396	0.0530	0.0249	42.8509	5.7446	1.6733	37.8378	4.6761

andes,50
	1.0e+03	*
0.0001	0.0001	0.0002	1.3780	0.0590	0.2168	1.1022	0.0026
0.0021	0.0013	0.0082	43.6578	12.3085	11.6919	45.8988	0.0974
andes,500
0.5140	0.7496	0.3911	235.2000	14.8000	191.0000	29.4000	1.4649
0.0117	0.0201	0.0097	3.2711	3.7683	2.3452	2.9665	0.0227
andes,5000
0.5319	0.7960	0.3994	226.8000	10.8000	192.2000	23.8000	11.7350
0.0126	0.0178	0.0105	4.3243	2.4900	2.7749	1.7889	0.1414


diabetes,50
1.0e+03	*
0.0002	0.0002	0.0003	1.2116	0.0806	0.3544	0.7766	0.0117
0.0054	0.0060	0.0103	53.0782	6.5422	6.6558	56.9324	6.9260

diabetes,500
0.2801	0.2404	0.3355	901.6000	136.6000	263.4000	501.6000	13.5920
0.0070	0.0057	0.0095	10.5972	4.5056	1.3416	11.9080	0.5366

diabetes,5000
0.3818	0.4097	0.3575	569.0000	127.8000	259.0000	182.2000	64.8880
0.0056	0.0059	0.0054	3.0822	3.5637	1.0000	2.2804	0.7521