防空导弹制导系统综合效能评估指标体系研究
美国导弹预警系统作战效能评估指标体系设计研究
地空导弹武器系统效能综合评估研究
空地导弹攻防对抗仿真系统研究

diabet
MMPSOLBN 50
0.125000000000000	0.111111111111111	0.142857142857143	12	2	4	6	0.0311155000000000
0.125000000000000	0.111111111111111	0.142857142857143	13	1	5	7	0.0280841000000000
0.125000000000000	0.111111111111111	0.142857142857143	12	2	4	6	0.0259075000000000
0	0	0	14	2	5	7	0.0281291000000000
mean 
0.100000000000000	0.0888888888888889	0.114285714285714	12.6000000000000	1.80000000000000	4.40000000000000	6.40000000000000	0.0287706600000000
std
0.0559016994374947	0.0496903994999953	0.0638876564999940	0.894427190999916	0.447213595499958	0.547722557505166	0.547722557505166	0.00212062870111672

MMPSOLBN 500
0.142857142857143	0.142857142857143	0.142857142857143	11	1	5	5	0.0153170000000000
0.133333333333333	0.125000000000000	0.142857142857143	11	2	4	5	0.0153540000000000
0.142857142857143	0.142857142857143	0.142857142857143	11	1	5	5	0.0147454000000000
0.133333333333333	0.125000000000000	0.142857142857143	11	2	4	5	0.0169440000000000
0.142857142857143	0.142857142857143	0.142857142857143	11	1	5	5	0.0140921000000000
0.133333333333333	0.125000000000000	0.142857142857143	11	2	4	5	0.0130558000000000
0.142857142857143	0.142857142857143	0.142857142857143	11	1	5	5	0.0141097000000000
0.125000000000000	0.111111111111111	0.142857142857143	11	3	3	5	0.0167868000000000
0.142857142857143	0.142857142857143	0.142857142857143	11	1	5	5	0.0123585000000000
0.142857142857143	0.142857142857143	0.142857142857143	11	1	5	5	0.0166891000000000
mean
0.138214285714286	0.134325396825397	0.142857142857143	11	1.50000000000000	4.50000000000000	5	0.0149452400000000
std
0.00645863048837262	0.0117214726093190	2.92569455714725e-17	0	0.707106781186548	0.707106781186548	0	0.00157972715731406
MMPSOLBN 5000


mean


std





pigs

MMPSOLBN 5000
0.975609756097561	0.975609756097561	0.975609756097561	1	1	0	0	39.2524431000000
0.975609756097561	0.975609756097561	0.975609756097561	1	1	0	0	37.6850441000000
1	1	1	0	0	0	0	36.9033399000000
0.975609756097561	0.975609756097561	0.975609756097561	1	1	0	0	39.2966716000000
0.975609756097561	0.975609756097561	0.975609756097561	1	1	0	0	39.1343647000000
0.951219512195122	0.951219512195122	0.951219512195122	2	2	0	0	36.1101305000000
0.951219512195122	0.951219512195122	0.951219512195122	2	2	0	0	36.1807345000000
0.975609756097561	0.975609756097561	0.975609756097561	1	1	0	0	35.7722952000000
0.975609756097561	0.975609756097561	0.975609756097561	1	1	0	0	37.9030323000000
0.975609756097561	0.975609756097561	0.975609756097561	1	1	0	0	36.9473064000000

mean
0.973170731707317	0.973170731707317	0.973170731707317	1.10000000000000	1.10000000000000	0	0	37.5185362300000
std
0.0138450295657938	0.0138450295657938	0.0138450295657938	0.567646212197547	0.567646212197547	0	0	1.35327217095079


MMPSOLBN 500
0.682926829268293	0.682926829268293	0.682926829268293	13	13	0	0	19.4298628000000
0.682926829268293	0.682926829268293	0.682926829268293	13	13	0	0	19.8048275000000
0.414634146341463	0.414634146341463	0.414634146341463	24	24	0	0	19.0817923000000
0.731707317073171	0.731707317073171	0.731707317073171	11	11	0	0	18.8939204000000
0.634146341463415	0.634146341463415	0.634146341463415	15	15	0	0	19.8855720000000
0.634146341463415	0.634146341463415	0.634146341463415	15	15	0	0	18.4511023000000
0.585365853658537	0.585365853658537	0.585365853658537	17	17	0	0	19.6010020000000
0.609756097560976	0.609756097560976	0.609756097560976	16	16	0	0	18.8694239000000
0.682926829268293	0.682926829268293	0.682926829268293	13	13	0	0	18.7952502000000
0.609756097560976	0.609756097560976	0.609756097560976	16	16	0	0	19.4036852000000
mean 
0.626829268292683	0.626829268292683	0.626829268292683	15.3000000000000	15.3000000000000	0	0	19.2216438600000
std
0.0868435784925306	0.0868435784925306	0.0868435784925306	3.56058671819376	3.56058671819376	0	0	0.474678415367490

MMPSOLBN 50
0.243902439024390	0.243902439024390	0.243902439024390	31	31	0	0	4.66512680000000
0.268292682926829	0.268292682926829	0.268292682926829	30	30	0	0	4.82413880000000
0.390243902439024	0.390243902439024	0.390243902439024	25	25	0	0	4.57189680000000
0.219512195121951	0.219512195121951	0.219512195121951	32	32	0	0	4.34541110000000
0.265060240963855	0.261904761904762	0.268292682926829	31	30	0	1	4.89744380000000
0.292682926829268	0.292682926829268	0.292682926829268	29	29	0	0	4.36700240000000
0.341463414634146	0.341463414634146	0.341463414634146	27	27	0	0	4.26109500000000
0.414634146341463	0.414634146341463	0.414634146341463	24	24	0	0	4.26041390000000
0.268292682926829	0.268292682926829	0.268292682926829	30	30	0	0	4.48033140000000
0.170731707317073	0.170731707317073	0.170731707317073	34	34	0	0	4.37960910000000

mean
0.287481633852483	0.287166085946574	0.287804878048780	29.3000000000000	29.2000000000000	0	0.100000000000000	4.50524691000000

std
0.0753197761295540	0.0754306745006520	0.0752197301217586	3.12872000806862	3.08400893499210	0	0.316227766016838	0.227579596742871

munin 50
0.133333333333333	0.200000000000000	0.100000000000000	11	2	7	2	0.0288575000000000
0.142857142857143	0.250000000000000	0.100000000000000	11	1	8	2	0.0209292000000000
0.250000000000000	0.333333333333333	0.200000000000000	10	2	6	2	0.0190172000000000
0.166666666666667	0.500000000000000	0.100000000000000	10	0	9	1	0.0216720000000000
0.133333333333333	0.200000000000000	0.100000000000000	11	2	7	2	0.0183308000000000
0.142857142857143	0.250000000000000	0.100000000000000	11	1	8	2	0.0175981000000000
0.250000000000000	0.333333333333333	0.200000000000000	10	2	6	2	0.0187586000000000
0.166666666666667	0.500000000000000	0.100000000000000	10	0	9	1	0.0199394000000000
0.133333333333333	0.200000000000000	0.100000000000000	11	2	7	2	0.0189124000000000
0.142857142857143	0.250000000000000	0.100000000000000	11	1	8	2	0.0174864000000000

mean
0.166190476190476	0.301666666666667	0.120000000000000	10.6000000000000	1.30000000000000	7.50000000000000	1.80000000000000	0.0201501600000000
std
0.0458507662854116	0.115322949650316	0.0421637021355784	0.516397779494322	0.823272602348565	1.08012344973464	0.421637021355784	0.00334092262313538

munin 500

0.285714285714286	0.500000000000000	0.200000000000000	10	0	8	2	0.0384283000000000
0.266666666666667	0.400000000000000	0.200000000000000	9	2	6	1	0.0389180000000000
0.153846153846154	0.333333333333333	0.100000000000000	10	1	8	1	0.0434567000000000
0.285714285714286	0.500000000000000	0.200000000000000	10	0	8	2	0.0383194000000000
0.266666666666667	0.400000000000000	0.200000000000000	9	2	6	1	0.0386946000000000
0.153846153846154	0.333333333333333	0.100000000000000	10	1	8	1	0.0463027000000000
0.285714285714286	0.500000000000000	0.200000000000000	10	0	8	2	0.0391112000000000

mean
0.242595499738357	0.423809523809524	0.171428571428571	9.71428571428571	0.857142857142857	7.42857142857143	1.42857142857143	0.0404615571428571
std
0.0612228498455748	0.0762896180361773	0.0487950036474267	0.487950036474267	0.899735410842437	0.975900072948533	0.534522483824849	0.00313955870192885

munin 500

0.375	0.5	0.3	9	1	6	2	0.067999
0.375	0.5	0.3	9	1	6	2	0.0808393
0.235294118	0.285714286	0.2	10	3	5	2	0.0845058
0.266666667	0.4	0.2	9	2	6	1	0.0723413
0.4	0.6	0.3	9	0	7	2	0.0745964
0.266666667	0.4	0.2	10	1	7	2	0.0971325
							
mean							
0.319771242	0.447619048	0.25	9.333333333	1.333333333	6.166666667	1.833333333	0.07956905
std
0.07115288	0.109046579	0.054772256	0.516397779	1.032795559	0.752772653	0.40824829	0.010443117


